%YAML:1.0
image_pts: [ 641., 242., 1245., 204., 645., 508., 878., 502., 1122.,
    498., 881., 641., 645., 777., 1131., 783., 649., 916., 1264., 933. ]
stage_pts: [ 89000., 21000., 88500., 85000., 63000., 21000., 63000.,
    47000., 63000., 73000., 50000., 47000., 37000., 21000., 37000.,
    72000., 24000., 21000., 24000., 85000. ]
homography_image_to_stage: !!opencv-matrix
   rows: 3
   cols: 3
   dt: d
   data: [ 7.3130472397289941e+00, -1.0959573430410798e+02,
       1.2476431949890229e+05, 1.3964413778057238e+02,
       2.2630031661874077e+00, -6.6926055111368652e+04,
       1.6792427452636595e-04, 1.1585680573998329e-04, 1. ]
homography_stage_to_image: !!opencv-matrix
   rows: 3
   cols: 3
   dt: d
   data: [ -4.2119010112966960e-06, 7.6372003465247354e-03,
       4.7587471757436691e+02, -1.0048667281687736e-02,
       -9.5051605066699620e-04, 1.1550979945247911e+03,
       2.5878367664609671e-07, -1.3837806225020834e-06, 1. ]
image_pts_in: [ 700., 250., 1250., 250., 700., 950., 1250., 950. ]
stage_pts_out: [ 8.93881562e+04, 2.73792285e+04, 8.59708750e+04,
    8.73335469e+04, 2.09899609e+04, 2.68608672e+04, 2.25684648e+04,
    8.31678203e+04 ]
stage_pts_in: [ 0., 0., 100000., 0., 0., 100000., 100000., 100000. ]
image_pts_out: [ 4.75874725e+02, 1.15509802e+03, 4.63459930e+02,
    1.46441589e+02, 1.43867590e+03, 1.23029175e+03, 1.39625146e+03,
    6.21742439e+01 ]
