%YAML:1.0
image_points: [ 273, 287, 633, 268, 275, 368, 634, 352, 277, 448, 635,
    436, 280, 529, 635, 520, 282, 609, 636, 604, 283, 689, 638, 688, 284,
    770, 640, 772, 284, 851, 642, 856 ]
image_points_calculated: [ 274, 287, 632, 267, 277, 448, 635, 437, 280,
    610, 637, 604, 284, 770, 641, 771 ]
stage_points: [ 81200, 36000, 81500, 71200, 67200, 36000, 67300, 71200,
    53000, 36000, 53200, 71200, 38900, 36100, 39100, 71300 ]
stage_points_calculated: [ 81200, 36000, 80881, 71413, 74203, 35990,
    74049, 71377, 67153, 35954, 67140, 71313, 60048, 36047, 60196, 71211,
    53000, 36000, 53200, 71200, 45844, 35967, 46182, 71229, 38620, 35831,
    39100, 71300, 31394, 35545, 32017, 71361 ]
homography_image_to_stage: !!opencv-matrix
   rows: 3
   cols: 3
   dt: d
   data: [ 8.6544601933022243e+00, -9.2882339724893242e+01,
       1.0856953742087887e+05, 1.1446924564503141e+02,
       -4.2805768028036599e+00, 7.3606519717938272e+03,
       1.7664726944704632e-04, -3.6646317607600147e-05, 1. ]
homography_stage_to_image: !!opencv-matrix
   rows: 3
   cols: 3
   dt: d
   data: [ -2.6401457338099971e-04, 8.9960346551932729e-03,
       -4.2742764895323639e+01, -1.0957941450951428e-02,
       -7.2183669586372396e-04, 1.1880396549639379e+03,
       -1.7067473281464711e-07, -1.0502764226472339e-06,
       9.9999999999999989e-01 ]
