%YAML:1.0
image_pts: [ 273, 287, 633, 268, 277, 448, 635, 436, 282, 609, 636, 604,
    284, 770, 640, 772 ]
stage_pts: [ 80100, 34700, 80500, 69800, 66000, 34900, 66500, 70000,
    51900, 35000, 52300, 70200, 37800, 35200, 38200, 70300 ]
homography_image_to_stage: !!opencv-matrix
   rows: 3
   cols: 3
   dt: d
   data: [ -1.6727628531366778e+02, 5.3204731665097228e+01,
       4.3161191920427511e+04, -1.4767338337623804e+02,
       1.9739471271476194e+00, 5.0937418089812578e+04,
       -2.5485785566803734e-03, 4.2793270196077746e-05, 1. ]
homography_stage_to_image: !!opencv-matrix
   rows: 3
   cols: 3
   dt: d
   data: [ -3.1356059074529505e-05, -6.4417516024424075e-03,
       3.3940557259870855e+02, 2.0502641053130018e-03,
       -7.4416829712217972e-03, 3.0661820268416642e+02,
       -1.7304002603464778e-07, -1.6677726913766247e-05, 1. ]
