%YAML:1.0
image_pts: [ 781, 323, 1141, 308, 785, 484, 1143, 476, 788, 645, 1143,
    644, 790, 807, 1147, 812 ]
stage_pts: [ 80100, 34700, 80500, 69800, 66000, 34900, 66500, 70000,
    51900, 35000, 52300, 70200, 37800, 35200, 38200, 70300 ]
homography_image_to_stage: !!opencv-matrix
   rows: 3
   cols: 3
   dt: d
   data: [ 7.6471364398987323e+00, -9.6205302469991082e+01,
       1.1349467052172711e+05, 1.1850098424750577e+02,
       -6.5670904672235120e-01, -5.4147904114378231e+04,
       1.2884111816417916e-04, 8.2282513176929576e-06, 1. ]
homography_stage_to_image: !!opencv-matrix
   rows: 3
   cols: 3
   dt: d
   data: [ -6.0652233288455917e-05, 8.2989576211235164e-03,
       4.6913160838402951e+02, -1.0960315919923814e-02,
       -7.2363181667167579e-04, 1.2141257557757278e+03,
       6.4145279030225606e-08, -1.2267990009883215e-06, 1. ]
