%YAML:1.0
image_pts: [ 750, 278, 831, 274, 912, 271, 995, 268, 1078, 264, 1161,
    260, 752, 369, 753, 462, 834, 460, 915, 459, 998, 456, 1082, 455,
    1166, 453, 754, 554, 755, 646, 836, 645, 918, 645, 999, 644, 1083,
    644, 1168, 643, 757, 738, 758, 830, 838, 831, 918, 832, 1000, 833,
    1085, 834, 1170, 835, 759, 922, 641, 242, 1245, 204, 645, 508, 878,
    502, 1122, 498, 881, 641, 645, 777, 1131, 783, 649, 916, 1264, 933 ]
stage_pts: [ 89000, 21000, 88500, 85000, 63000, 21000, 63000, 47000,
    63000, 73000, 50000, 47000, 37000, 21000, 37000, 72000, 24000, 21000,
