%YAML:1.0
image_points: [ 273, 287, 633, 268, 277, 448, 635, 436, 282, 609, 636,
    604, 284, 770, 640, 772 ]
image_points_calculated: [ 274, 287, 632, 267, 277, 448, 635, 437, 280,
    610, 637, 604, 284, 770, 641, 771 ]
stage_points: [ 81200, 36000, 81500, 71200, 67200, 36000, 67300, 71200,
    53000, 36000, 53200, 71200, 38900, 36100, 39100, 71300 ]
stage_points_calculated: [ 81200, 36000, 80881, 71413, 67153, 35954,
    67140, 71313, 53000, 36000, 53200, 71200, 38620, 35831, 39100, 71300 ]
homography_image_to_stage: !!opencv-matrix
   rows: 3
   cols: 3
   dt: d
   data: [ 8.6544601933023966e+00, -9.2882339724893356e+01,
       1.0856953742087890e+05, 1.1446924564503159e+02,
       -4.2805768028037097e+00, 7.3606519717938154e+03,
       1.7664726944704971e-04, -3.6646317607601637e-05, 1. ]
homography_stage_to_image: !!opencv-matrix
   rows: 3
   cols: 3
   dt: d
   data: [ -2.6401457463414883e-04, 8.9960346568373796e-03,
       -4.2742764895323532e+01, -1.0957941452044252e-02,
       -7.2183669441964983e-04, 1.1880396549639377e+03,
       -1.7067473507070235e-07, -1.0502764199211073e-06, 1. ]
