%YAML:1.0
---
homography_image_to_stage: !!opencv-matrix
   rows: 3
   cols: 3
   dt: d
   data: [ 8.0631351991340168e+01, 1.0118979620392517e+01,
       6.5085442289454577e+03, 8.1794258791089636e-01,
       1.0206714911017917e+02, 5.2439779307422396e+03,
       -1.7156686117643298e-05, 2.0116226728909541e-04, 1. ]
homography_stage_to_image: !!opencv-matrix
   rows: 3
   cols: 3
   dt: d
   data: [ 1.1936625912358917e-02, -7.6729276765752168e-04,
       -7.2929968874993548e+01, -3.0404023914514569e-04,
       9.9668231667701980e-03, -4.8939764366313597e+01,
       -3.3193123629095425e-07, -1.4762209279925781e-06, 1. ]
