%YAML:1.0
image_pts: [ 748, 292, 1160, 269, 754, 477, 1166, 460, 760, 660, 1169,
    652, 763, 845, 1174, 844 ]
stage_pts: [ 80100, 34700, 80500, 69800, 66000, 34900, 66500, 70000,
    51900, 35000, 52300, 70200, 37800, 35200, 38200, 70300 ]
homography_image_to_stage: !!opencv-matrix
   rows: 3
   cols: 3
   dt: d
   data: [ 6.0650305490104932e+00, -8.3570530611305244e+01,
       1.0716884710098823e+05, 1.0128675670340678e+02,
       -1.7786114833751019e+00, -3.7487138977706287e+04,
       1.2090406574815973e-04, -2.6544882449887186e-06, 1. ]
homography_stage_to_image: !!opencv-matrix
   rows: 3
   cols: 3
   dt: d
   data: [ -2.2266039130255434e-04, 9.8948643962355042e-03,
       3.9178820735873239e+02, -1.2524888601164273e-02,
       -7.9920397885146002e-04, 1.3109251645005443e+03,
       -2.0705330231967323e-08, -1.1595655081009082e-06, 1. ]
