%YAML:1.0
image_points: [ 273, 287, 633, 268, 277, 448, 635, 436, 282, 609, 636,
    604, 284, 770, 640, 772 ]
image_points_calculated: [ 273, 287, 632, 268, 277, 449, 635, 436, 280,
    610, 638, 605, 284, 770, 640, 771 ]
stage_points: [ 80100, 34700, 80500, 69800, 66000, 34900, 66500, 70000,
    51900, 35000, 52300, 70200, 37800, 35200, 38200, 70300 ]
stage_points_calculated: [ 80100, 34700, 80341, 70419, 65992, 34804,
    66361, 70316, 51900, 35000, 52300, 70200, 37703, 34985, 38200, 70300 ]
homography_image_to_stage: !!opencv-matrix
   rows: 3
   cols: 3
   dt: d
   data: [ 7.1237533252770291e+00, -9.1202982797432171e+01,
       1.0719772212104240e+05, 1.1232918502372968e+02,
       -2.2660548956554876e+00, 5.9451817564632538e+03,
       1.3915726709747120e-04, -8.2374226984650423e-06, 1. ]
homography_stage_to_image: !!opencv-matrix
   rows: 3
   cols: 3
   dt: d
   data: [ -1.9516207918072071e-04, 8.9843418938778119e-03,
       -3.7607935125968382e+01, -1.0968211664959428e-02,
       -6.6088202443707552e-04, 1.1724021274816196e+03,
       -2.1921264783775101e-07, -1.0668350516468465e-06, 1. ]
