%YAML:1.0
image_points: [ 273, 287, 633, 268, 277, 448, 635, 436, 282, 609, 636,
    604, 284, 770, 640, 772 ]
image_points_calculated: [ 274, 287, 632, 267, 277, 448, 635, 437, 280,
    610, 637, 604, 284, 770, 641, 771 ]
stage_points: [ 81200, 36000, 81500, 71200, 67200, 36000, 67300, 71200,
    53000, 36000, 53200, 71200, 38900, 36100, 39100, 71300 ]
stage_points_calculated: [ 81200, 36000, 80881, 71413, 67153, 35954,
    67140, 71313, 53000, 36000, 53200, 71200, 38620, 35831, 39100, 71300 ]
