%YAML:1.0
---
image_points: [ 944, 309, 966, 730, 851, 312, 869, 734, 758, 316, 772,
    735, 665, 316, 675, 736, 572, 316, 579, 736, 479, 316, 482, 736, 386,
    317, 385, 736, 293, 317, 288, 737 ]
