%YAML:1.0
stage_points: [ 81200, 36000, 81500, 71200, 67200, 36000, 67300, 71200,
    53000, 36000, 53200, 71200, 38900, 36100, 39100, 71300 ]
image_points: [ 273, 287, 633, 268, 277, 448, 635, 436, 282, 609, 636,
    604, 284, 770, 640, 772 ]
