%YAML:1.0
---
stage_points: [ 81200, 36000, 80881, 71413, 74203, 35990,
    74049, 71377, 67153, 35954, 67140, 71313, 60048, 36047, 60196, 71211,
    53000, 36000, 53200, 71200, 45844, 35967, 46182, 71229, 38620, 35831,
    39100, 71300, 31394, 35545, 32017, 71361 ]
